A	C	D	E	F	G	H	I	K	L	M	N	P	Q	R	S	T	V	W	Y
433.0	411.0	135.0	113.0	323.0	609.0	279.0	411.0	531.0	330.0	216.0	300.0	169.0	233.0	244.0	276.0	195.0	252.0	235.0	231.0
407.0	462.0	290.0	569.0	527.0	497.0	307.0	830.0	714.0	338.0	303.0	332.0	79.0	352.0	650.0	352.0	335.0	366.0	354.0	319.0
116.0	309.0	567.0	88.0	237.0	129.0	228.0	196.0	210.0	149.0	221.0	457.0	221.0	213.0	154.0	130.0	266.0	203.0	273.0	220.0
37.0	333.0	80.0	426.0	183.0	164.0	307.0	125.0	168.0	46.0	227.0	145.0	152.0	260.0	583.0	125.0	169.0	115.0	231.0	201.0
276.0	470.0	206.0	169.0	462.0	356.0	298.0	289.0	426.0	483.0	281.0	250.0	370.0	219.0	470.0	241.0	219.0	254.0	284.0	241.0
594.0	347.0	308.0	143.0	386.0	464.0	433.0	495.0	409.0	626.0	569.0	298.0	453.0	238.0	533.0	376.0	273.0	440.0	306.0	399.0
278.0	357.0	219.0	279.0	264.0	417.0	341.0	305.0	273.0	279.0	274.0	263.0	220.0	580.0	293.0	222.0	243.0	758.0	691.0	251.0
346.0	421.0	211.0	139.0	371.0	562.0	287.0	401.0	398.0	374.0	246.0	256.0	323.0	218.0	398.0	316.0	279.0	277.0	281.0	439.0
405.0	671.0	189.0	198.0	353.0	590.0	344.0	856.0	537.0	534.0	252.0	212.0	279.0	506.0	347.0	319.0	336.0	332.0	280.0	238.0
736.0	18.0	172.0	51.0	363.0	507.0	214.0	434.0	524.0	472.0	245.0	239.0	386.0	161.0	565.0	391.0	99.0	179.0	282.0	169.0
293.0	827.0	273.0	216.0	244.0	273.0	259.0	256.0	277.0	256.0	272.0	243.0	265.0	274.0	273.0	237.0	247.0	234.0	272.0	261.0
465.0	443.0	191.0	192.0	293.0	213.0	266.0	213.0	216.0	725.0	273.0	252.0	192.0	272.0	122.0	191.0	267.0	229.0	264.0	628.0
174.0	369.0	241.0	87.0	748.0	272.0	260.0	358.0	287.0	174.0	258.0	236.0	380.0	224.0	560.0	255.0	229.0	195.0	255.0	592.0
196.0	768.0	198.0	183.0	237.0	256.0	252.0	219.0	209.0	154.0	231.0	250.0	225.0	274.0	705.0	637.0	241.0	162.0	101.0	258.0
222.0	179.0	216.0	181.0	291.0	596.0	325.0	365.0	344.0	321.0	276.0	354.0	329.0	249.0	504.0	239.0	278.0	218.0	296.0	283.0
232.0	465.0	157.0	104.0	248.0	391.0	286.0	295.0	349.0	201.0	562.0	360.0	144.0	240.0	245.0	81.0	94.0	225.0	253.0	187.0
252.0	471.0	128.0	153.0	279.0	259.0	267.0	221.0	332.0	184.0	253.0	233.0	150.0	216.0	325.0	165.0	160.0	740.0	297.0	236.0
350.0	447.0	158.0	66.0	243.0	434.0	248.0	234.0	841.0	53.0	235.0	238.0	208.0	181.0	237.0	150.0	320.0	141.0	327.0	447.0
306.0	296.0	259.0	245.0	271.0	327.0	266.0	261.0	310.0	266.0	286.0	233.0	289.0	250.0	603.0	290.0	266.0	238.0	504.0	183.0
235.0	74.0	215.0	484.0	245.0	326.0	252.0	214.0	287.0	493.0	252.0	22.0	246.0	199.0	364.0	176.0	249.0	219.0	292.0	242.0